    500
    100
    0.1
    6.0
    0.03
    0.4000
    0.0224
    0.4800
    0.4008
    0.4803
    0.3829
    0.3041
    0.4945
    0.2813
    0.2479
    0.1265
    0.0980
    0.2464
    0.3554
    0.4938
    0.1673
    0.1101
    0.1726
    0.0458
    0.3158
    0.1891
    0.4437
    0.2133
    0.4454
    0.1121
    0.3985
    0.4291
    0.2135
    0.2944
    0.0458
    0.1253
    0.2969
    0.2603
    0.4570
    0.3316
    0.2498
    0.3174
    0.0432
    0.0204
    0.3758
    0.1619
    0.0332
    0.4616
    0.0272
    0.0340
    0.2868
    0.2196
    0.0137
    0.0248
    0.1193
    0.0637
    0.3152
    0.2382
    0.0550
    0.2177
    0.4509
    0.2829
    0.3653
    0.4905
    0.2941
    0.2516
    0.2658
    0.3031
    0.3822
    0.3003
    0.3613
    0.2176
    0.3233
    0.0883
    0.4382
    0.1258
    0.1782
    0.1517
    0.4839
    0.0961
    0.0489
    0.3469
    0.0480
    0.0997
    0.3035
    0.3549
    0.4453
    0.3013
    0.4312
    0.3380
    0.3925
    0.2683
    0.0022
    0.0993
    0.2194
    0.2791
    0.1926
    0.3234
    0.2928
    0.3832
    0.0873
    0.2516
    0.1913
    0.4886
    0.4680
    0.4464
    0.2218
    0.3758
    0.4547
    0.1867
    0.0581
    0.2626
    0.1706
    0.4247
    0.0931
    0.1044
    0.2652
    0.0421
    0.1204
    0.3173
    0.0555
    0.3037
    0.4449
    0.2453
    0.1568
    0.3811
    0.4773
    0.3229
    0.2427
    0.2191
    0.0932
    0.2216
    0.2441
    0.4306
    0.3582
    0.3102
    0.0449
    0.0559
    0.2878
    0.2308
    0.2727
    0.0190
    0.2896
    0.3145
    0.2410
    0.0803
    0.3772
    0.3967
    0.1457
    0.2538
    0.1190
    0.0963
    0.4043
    0.0333
    0.0979
    0.4874
    0.2875
    0.2916
    0.4750
    0.0500
    0.4394
    0.4457
    0.1070
    0.0835
    0.3231
    0.0902
    0.0583
    0.1827
    0.2012
    0.0449
    0.3419
    0.2734
    0.4930
    0.1064
    0.4595
    0.3326
    0.3717
    0.1892
    0.2374
    0.0531
    0.4419
    0.2226
    0.3341
    0.3641
    0.1428
    0.2968
    0.1853
    0.3978
    0.0368
    0.4964
    0.3880
    0.0037
    0.4445
    0.4321
    0.3488
    0.4425
    0.2328
    0.1858
    0.0415
    0.4986
    0.4349
    0.0000
    0.3400
    0.3274
    0.2059
    0.2382
    0.1941
    0.2260
    0.0134
    0.2126
    0.0529
    0.0216
    0.2781
    0.3056
    0.3694
    0.1285
    0.3631
    0.3566
    0.2519
    0.4464
    0.3897
    0.2474
    0.3808
    0.3335
    0.4891
    0.0585
    0.4347
    0.2839
    0.0601
    0.4852
    0.4200
    0.0312
    0.1390
    0.2048
    0.3134
    0.4596
    0.2076
    0.3558
    0.4854
    0.2177
    0.3177
    0.4508
    0.4358
    0.0714
    0.1003
    0.3105
    0.3875
    0.1234
    0.1847
    0.1705
    0.2282
    0.0854
    0.3728
    0.0490
    0.4451
    0.0410
    0.3908
    0.4243
    0.2254
    0.3027
    0.1772
    0.3795
    0.2947
    0.3058
    0.4216
    0.2285
    0.4414
    0.2468
    0.3114
    0.2811
    0.3608
    0.2734
    0.3922
    0.2232
    0.4560
    0.0433
    0.4995
    0.3638
    0.2792
    0.0714
    0.4188
    0.3626
    0.2087
    0.1366
    0.1574
    0.2908
    0.3447
    0.4319
    0.1054
    0.2534
    0.2125
    0.1199
    0.3788
    0.3960
    0.1929
    0.1590
    0.2405
    0.1393
    0.0790
    0.1977
    0.1427
    0.1215
    0.3213
    0.4785
    0.0932
    0.4548
    0.2844
    0.0968
    0.3521
    0.3258
    0.1659
    0.2608
    0.0124
    0.0111
    0.3993
    0.0539
    0.3444
    0.3875
    0.3957
    0.3547
    0.4733
    0.1490
    0.4979
    0.2772
    0.3280
    0.4727
    0.1123
    0.4908
    0.0853
    0.4705
    0.4785
    0.0875
    0.0272
    0.1341
    0.2730
    0.3876
    0.3019
    0.1580
    0.2167
    0.4214
    0.3131
    0.1363
    0.2573
    0.4442
    0.0871
    0.4100
    0.0906
    0.0486
    0.0157
    0.0051
    0.4837
    0.4440
    0.0248
    0.3351
    0.4883
    0.1101
    0.0420
    0.1794
    0.3666
    0.3011
    0.2257
    0.4564
    0.0016
    0.2550
    0.0722
    0.2523
    0.2841
    0.3211
    0.1035
    0.1701
    0.1637
    0.3075
    0.2956
    0.3440
    0.0832
    0.3261
    0.3843
    0.1979
    0.1981
    0.3461
    0.1188
    0.4744
    0.0679
    0.2558
    0.0207
    0.1562
    0.1609
    0.4742
    0.1037
    0.2447
    0.2223
    0.4104
    0.0087
    0.3943
    0.2704
    0.0227
    0.2569
    0.2228
    0.2457
    0.3299
    0.2527
    0.3709
    0.4719
    0.3997
    0.2189
    0.0452
    0.4668
    0.1892
    0.3795
    0.4019
    0.4021
    0.2979
    0.1625
    0.3742
    0.2382
    0.2578
    0.2400
    0.2120
    0.0880
    0.1403
    0.4388
    0.4369
    0.2448
    0.3031
    0.3588
    0.0700
    0.2915
    0.0975
    0.0317
    0.0320
    0.4699
    0.2601
    0.0751
    0.3233
    0.2919
    0.1562
    0.3361
    0.1985
    0.1098
    0.1204
    0.1932
    0.0168
    0.1734
    0.2760
    0.2792
    0.0334
    0.2910
    0.2379
    0.3310
    0.3930
    0.0950
    0.4808
    0.2675
    0.4573
    0.3228
    0.0767
    0.0261
    0.0075
    0.0982
    0.2639
    0.0738
    0.0366
    0.2774
    0.4906
    0.0814
    0.0783
    0.0818
    0.0392
    0.3592
    0.2231
    0.2551
    0.3026
    0.4415
    0.0610
    0.1451
    0.0312
    0.0718
    0.0340
    0.0925
    0.3843
    0.4488
    0.2591
    0.4223
    0.1144
    0.2142
    0.1841
    0.3480
    0.4722
    0.1089
    0.3765
    0.2599
    0.3800
    0.4404
    0.1187
    0.4698
    0.0136
    0.2808
    0.4452
    0.0835
    0.2126
    0.1634
    0.2838
    0.4135
    0.1958
    0.3107
